1-topSpin-12-4.txt
==================
<id> : <instance> : <thresholds> : <# generated nodes> <final-value> <time-in-secs> <#gen/sec>
001 : 2 3 0 4 9 1 8 7 6 5 10 11 : 7 8 : 32 8 6.5e-05 492308
002 : 1 8 7 3 10 2 0 5 6 9 4 11 : 8 : 10 8 1.4e-05 714286
003 : 9 7 1 0 3 8 2 4 5 6 10 11 : 7 8 9 : 60 9 9.8e-05 612245
004 : 8 10 3 0 5 7 9 6 1 2 4 11 : 8 9 : 11 9 1.3e-05 846154
005 : 6 0 8 10 9 4 5 2 1 3 7 11 : 7 8 9 : 52 9 8.9e-05 584270

2-topSpin-12-4.txt
==================
<id> : <instance> : <thresholds> : <# generated nodes> <final-value> <time-in-secs> <#gen/sec>
001 : 3 4 6 7 10 0 8 2 9 5 1 11 : 7 8 9 10 : 319 10 0.000496 643145
002 : 8 9 1 2 4 7 3 5 10 6 0 11 : 8 9 : 37 9 4.9e-05 755102
003 : 4 1 3 7 10 8 6 9 0 2 5 11 : 8 9 10 : 144 10 0.000233 618026
004 : 4 9 2 6 5 3 7 0 8 1 10 11 : 8 : 18 8 2.5e-05 720000
005 : 8 5 3 6 9 4 2 1 10 0 7 11 : 8 9 10 : 281 10 0.000399 704261

3-topSpin-12-4.txt
==================
<id> : <instance> : <thresholds> : <# generated nodes> <final-value> <time-in-secs> <#gen/sec>
001 : 3 4 6 7 10 0 8 2 9 5 1 11 : 7 8 9 10 : 319 10 0.000434 735023
002 : 8 9 1 2 4 7 3 5 10 6 0 11 : 8 9 : 37 9 5.9e-05 627119
003 : 4 1 3 7 10 8 6 9 0 2 5 11 : 8 9 10 : 144 10 0.00023 626087
004 : 4 9 2 6 5 3 7 0 8 1 10 11 : 8 : 18 8 3.7e-05 486486
005 : 8 5 3 6 9 4 2 1 10 0 7 11 : 8 9 10 : 281 10 0.000413 680387

4-topSpin-12-4.txt
==================
<id> : <instance> : <thresholds> : <# generated nodes> <final-value> <time-in-secs> <#gen/sec>
001 : 6 10 5 8 7 4 3 0 9 1 2 11 : 6 7 : 12 7 2e-05 600000
002 : 2 0 1 10 7 3 6 5 4 9 8 11 : 7 8 9 : 140 9 0.000211 663507
003 : 5 3 6 1 10 4 7 9 0 8 2 11 : 8 9 10 : 139 10 0.000217 640553
004 : 0 3 6 4 5 8 7 10 1 2 9 11 : 7 : 8 7 1.2e-05 666667
005 : 7 1 9 6 2 5 0 3 4 10 8 11 : 8 9 10 11 : 1466 11 0.002284 641856

5-topSpin-12-4.txt
==================
<id> : <instance> : <thresholds> : <# generated nodes> <final-value> <time-in-secs> <#gen/sec>
001 : 9 2 3 6 0 4 10 1 7 8 5 11 : 7 8 9 10 : 547 10 0.000732 747268
002 : 1 0 2 6 4 7 5 10 9 3 8 11 : 9 : 13 9 1.4e-05 928571
003 : 5 9 3 2 1 10 7 0 8 6 4 11 : 8 9 : 53 9 7.3e-05 726027
004 : 3 4 6 10 2 8 9 7 1 0 5 11 : 8 : 9 8 8e-06 1.125e+06
005 : 0 3 7 6 4 5 9 2 10 8 1 11 : 7 8 9 : 26 9 3.4e-05 764706

6-topSpin-12-4.txt
==================
<id> : <instance> : <thresholds> : <# generated nodes> <final-value> <time-in-secs> <#gen/sec>
001 : 2 5 10 0 6 4 8 9 1 3 7 11 : 8 9 10 : 249 10 0.000386 645078
002 : 6 0 2 5 4 3 1 7 10 8 9 11 : 8 9 10 : 216 10 0.000383 563969
003 : 3 6 8 0 7 10 4 1 9 5 2 11 : 8 9 : 21 9 2.8e-05 750000
004 : 9 0 8 6 1 4 7 2 10 5 3 11 : 8 9 10 : 61 10 0.00012 508333
005 : 5 3 7 9 4 0 10 8 2 6 1 11 : 8 9 10 : 170 10 0.000273 622711
