1-topSpin-12-4.txt
==================
<id> : <instance> : <# generated nodes> <final-value> <time-in-secs> <#gen/sec>
001 : 2 3 0 4 9 1 8 7 6 5 10 11 : 7461 35 0.018693 399133
002 : 1 8 7 3 10 2 0 5 6 9 4 11 : 4799 36 0.011068 433592
003 : 9 7 1 0 3 8 2 4 5 6 10 11 : 38229 42 0.09529 401186
004 : 8 10 3 0 5 7 9 6 1 2 4 11 : 34267 45 0.086208 397492
005 : 6 0 8 10 9 4 5 2 1 3 7 11 : 43079 44 0.114806 375233

2-topSpin-12-4.txt
==================
<id> : <instance> : <# generated nodes> <final-value> <time-in-secs> <#gen/sec>
001 : 3 4 6 7 10 0 8 2 9 5 1 11 : 78802 47 0.195848 402363
002 : 8 9 1 2 4 7 3 5 10 6 0 11 : 34240 44 0.083606 409540
003 : 4 1 3 7 10 8 6 9 0 2 5 11 : 104010 51 0.261542 397680
004 : 4 9 2 6 5 3 7 0 8 1 10 11 : 6533 36 0.014785 441867
005 : 8 5 3 6 9 4 2 1 10 0 7 11 : 68341 48 0.228814 298675

3-topSpin-12-4.txt
==================
<id> : <instance> : <# generated nodes> <final-value> <time-in-secs> <#gen/sec>
001 : 3 4 6 7 10 0 8 2 9 5 1 11 : 78802 47 0.197955 398080
002 : 8 9 1 2 4 7 3 5 10 6 0 11 : 34240 44 0.084062 407318
003 : 4 1 3 7 10 8 6 9 0 2 5 11 : 104010 51 0.262807 395766
004 : 4 9 2 6 5 3 7 0 8 1 10 11 : 6533 36 0.014952 436932
005 : 8 5 3 6 9 4 2 1 10 0 7 11 : 68341 48 0.168489 405611

4-topSpin-12-4.txt
==================
<id> : <instance> : <# generated nodes> <final-value> <time-in-secs> <#gen/sec>
001 : 6 10 5 8 7 4 3 0 9 1 2 11 : 1014 27 0.002271 446499
002 : 2 0 1 10 7 3 6 5 4 9 8 11 : 36358 42 0.088039 412976
003 : 5 3 6 1 10 4 7 9 0 8 2 11 : 55183 48 0.135174 408237
004 : 0 3 6 4 5 8 7 10 1 2 9 11 : 983 28 0.002088 470785
005 : 7 1 9 6 2 5 0 3 4 10 8 11 : 325715 55 0.825924 394364

5-topSpin-12-4.txt
==================
<id> : <instance> : <# generated nodes> <final-value> <time-in-secs> <#gen/sec>
001 : 9 2 3 6 0 4 10 1 7 8 5 11 : 114634 49 0.294106 389771
002 : 1 0 2 6 4 7 5 10 9 3 8 11 : 23253 45 0.057957 401211
003 : 5 9 3 2 1 10 7 0 8 6 4 11 : 33214 44 0.082195 404088
004 : 3 4 6 10 2 8 9 7 1 0 5 11 : 6487 36 0.015253 425293
005 : 0 3 7 6 4 5 9 2 10 8 1 11 : 38479 44 0.093865 409940

6-topSpin-12-4.txt
==================
<id> : <instance> : <# generated nodes> <final-value> <time-in-secs> <#gen/sec>
001 : 2 5 10 0 6 4 8 9 1 3 7 11 : 84470 48 0.212042 398364
002 : 6 0 2 5 4 3 1 7 10 8 9 11 : 165861 51 0.419828 395069
003 : 3 6 8 0 7 10 4 1 9 5 2 11 : 20458 44 0.050488 405205
004 : 9 0 8 6 1 4 7 2 10 5 3 11 : 160837 53 0.493268 326064
005 : 5 3 7 9 4 0 10 8 2 6 1 11 : 145506 52 0.383624 379293
