<id> : <instance> : <thresholds> : <# generated nodes> <final-value> <time-in-secs> <#gen/sec>
001 : 7 15 8 2 13 6 3 12 11 0 4 10 9 5 1 14 : 41 43 45 47 49 51 53 : 7832227 53 0.712357 1.09948e+07
002 : 14 13 15 7 11 12 9 5 6 0 2 1 4 8 10 3 : 41 43 45 47 49 51 53 55 57 : 247309936 57 24.8471 9.95329e+06
003 : 13 5 4 10 9 12 8 14 2 3 7 1 0 15 11 6 : 43 45 47 49 51 53 55 : 9679212 55 0.971396 9.96423e+06
004 : 14 7 8 2 13 11 10 4 9 12 5 0 3 6 1 15 : 41 43 45 47 49 51 53 55 57 59 : 208912373 59 20.1593 1.03631e+07
005 : 5 12 10 7 15 11 14 0 8 2 1 13 3 4 9 6 : 42 44 46 48 50 52 54 56 : 43558104 56 4.11647 1.05814e+07
006 : 4 7 14 13 10 3 9 12 11 5 6 15 1 2 8 0 : 42 44 46 48 50 52 54 56 : 8465385 56 0.757803 1.1171e+07
007 : 14 7 1 9 12 3 6 15 8 11 2 5 10 0 4 13 : 36 38 40 42 44 46 48 50 52 : 6652015 52 0.840251 7.9167e+06
008 : 2 11 15 5 13 4 6 7 12 8 10 1 9 3 14 0 : 30 32 34 36 38 40 42 44 46 48 50 52 : 78979034 52 7.59439 1.03996e+07
009 : 12 11 15 3 8 0 4 2 6 13 9 5 14 1 10 7 : 32 34 36 38 40 42 44 46 48 50 : 28304515 50 2.66474 1.06219e+07
010 : 3 14 9 11 5 4 8 2 13 12 6 7 10 1 15 0 : 32 34 36 38 40 42 44 46 : 1659007 46 0.167768 9.8887e+06
011 : 13 11 8 9 0 15 7 10 4 3 6 14 5 12 2 1 : 43 45 47 49 51 53 55 57 59 : 237572857 59 22.1342 1.07333e+07
012 : 5 9 13 14 6 3 7 12 10 8 4 0 15 2 11 1 : 43 45 47 49 51 53 55 57 : 17505845 57 1.61048 1.087e+07
013 : 14 1 9 6 4 8 12 5 7 2 3 0 10 11 13 15 : 35 37 39 41 43 45 : 71227 45 0.006651 1.07092e+07
014 : 3 6 5 2 10 0 15 14 1 4 13 12 9 8 11 7 : 36 38 40 42 44 46 : 2497301 46 0.233836 1.06797e+07
015 : 7 6 8 1 11 5 14 10 3 4 9 13 15 2 0 12 : 41 43 45 47 49 51 53 55 57 59 : 481082987 59 50.5634 9.51445e+06
016 : 13 11 4 12 1 8 9 15 6 5 14 2 7 3 10 0 : 44 46 48 50 52 54 56 58 60 62 : 121654037 62 12.8818 9.44387e+06
017 : 1 3 2 5 10 9 15 6 8 14 13 11 12 4 7 0 : 24 26 28 30 32 34 36 38 40 42 : 3850867 42 0.397041 9.69892e+06
018 : 15 14 0 4 11 1 6 13 7 5 8 9 3 2 10 12 : 46 48 50 52 54 56 58 60 62 64 66 : 311310295 66 33.8899 9.18594e+06
019 : 6 0 14 12 1 15 9 10 11 4 7 2 8 3 5 13 : 43 45 47 49 51 53 55 : 13947500 55 1.25839 1.10836e+07
020 : 7 11 8 3 14 0 6 15 1 4 13 9 5 12 2 10 : 36 38 40 42 44 46 : 1027324 46 0.096824 1.06102e+07
021 : 6 12 11 3 13 7 9 15 2 14 8 10 4 1 5 0 : 36 38 40 42 44 46 48 50 52 : 14189465 52 1.3165 1.07781e+07
022 : 12 8 14 6 11 4 7 0 5 1 10 15 3 13 9 2 : 34 36 38 40 42 44 46 48 50 52 54 : 120579269 54 14.4595 8.33911e+06
023 : 14 3 9 1 15 8 4 5 11 7 10 13 0 2 12 6 : 41 43 45 47 49 51 53 55 57 59 : 139262538 59 15.9585 8.72656e+06
024 : 10 9 3 11 0 13 2 14 5 6 4 7 8 15 1 12 : 33 35 37 39 41 43 45 47 49 : 6770116 49 0.620889 1.09039e+07
025 : 7 3 14 13 4 1 10 8 5 12 9 11 2 15 6 0 : 34 36 38 40 42 44 46 48 50 52 54 : 22500093 54 4.38085 5.13601e+06
026 : 11 4 2 7 1 0 10 15 6 9 14 8 3 13 5 12 : 32 34 36 38 40 42 44 46 48 50 52 : 48328947 52 4.45856 1.08396e+07
027 : 5 7 3 12 15 13 14 8 0 10 9 6 1 4 2 11 : 40 42 44 46 48 50 52 54 56 58 : 213666257 58 23.9065 8.93758e+06
028 : 14 1 8 15 2 6 0 3 9 12 10 13 4 7 5 11 : 33 35 37 39 41 43 45 47 49 51 53 : 97536819 53 13.0636 7.46632e+06
029 : 13 14 6 12 4 5 1 0 9 3 10 2 15 11 8 7 : 36 38 40 42 44 46 48 50 52 : 4318079 52 0.384099 1.12421e+07
030 : 9 8 0 2 15 1 4 14 3 10 7 5 11 13 6 12 : 38 40 42 44 46 48 50 52 54 : 56204364 54 7.15041 7.8603e+06
031 : 12 15 2 6 1 14 4 8 5 3 7 0 10 13 9 11 : 35 37 39 41 43 45 47 : 1311810 47 0.127739 1.02695e+07
032 : 12 8 15 13 1 0 5 4 6 3 2 11 9 7 14 10 : 38 40 42 44 46 48 50 : 971974 50 0.092645 1.04914e+07
033 : 14 10 9 4 13 6 5 8 2 12 7 0 1 3 11 15 : 43 45 47 49 51 53 55 57 59 : 188987115 59 21.1134 8.95103e+06
034 : 14 3 5 15 11 6 13 9 0 10 2 12 4 1 7 8 : 42 44 46 48 50 52 54 56 58 60 : 156375139 60 20.4771 7.63657e+06
035 : 6 11 7 8 13 2 5 4 1 10 3 9 14 0 12 15 : 36 38 40 42 44 46 48 50 52 : 21675195 52 2.09371 1.03525e+07
036 : 1 6 12 14 3 2 15 8 4 5 13 9 0 7 11 10 : 39 41 43 45 47 49 51 53 55 : 31486317 55 5.44854 5.77886e+06
037 : 12 6 0 4 7 3 15 1 13 9 8 11 2 14 5 10 : 36 38 40 42 44 46 48 50 52 : 21638219 52 2.14739 1.00765e+07
038 : 8 1 7 12 11 0 10 5 9 15 6 13 14 2 3 4 : 40 42 44 46 48 50 52 54 56 58 : 196308163 58 25.1476 7.80622e+06
039 : 9 0 4 10 1 14 15 3 12 6 5 7 11 13 8 2 : 35 37 39 41 43 45 47 49 : 8632569 49 0.916265 9.42148e+06
040 : 11 5 1 14 4 12 10 0 2 7 13 3 9 15 6 8 : 36 38 40 42 44 46 48 50 52 54 : 67153904 54 8.87406 7.56744e+06
041 : 8 13 10 9 11 3 15 6 0 1 2 14 12 5 4 7 : 36 38 40 42 44 46 48 50 52 54 : 39964750 54 4.17799 9.56554e+06
042 : 4 5 7 2 9 14 12 13 0 3 6 11 8 1 15 10 : 30 32 34 36 38 40 42 : 149676 42 0.014023 1.06736e+07
043 : 11 15 14 13 1 9 10 4 3 6 2 12 7 5 8 0 : 48 50 52 54 56 58 60 62 64 : 34756670 64 3.40559 1.02058e+07
044 : 12 9 0 6 8 3 5 14 2 4 11 7 10 1 15 13 : 32 34 36 38 40 42 44 46 48 50 : 43768482 50 6.76152 6.47317e+06
045 : 3 14 9 7 12 15 0 4 1 8 5 6 11 10 2 13 : 39 41 43 45 47 49 51 : 1607436 51 0.150054 1.07124e+07
046 : 8 4 6 1 14 12 2 15 13 10 9 5 3 7 0 11 : 35 37 39 41 43 45 47 49 : 4968373 49 0.463292 1.07241e+07
047 : 6 10 1 14 15 8 3 5 13 0 2 7 4 9 11 12 : 35 37 39 41 43 45 47 : 1860211 47 0.177088 1.05044e+07
048 : 8 11 4 6 7 3 10 9 2 12 15 13 0 1 5 14 : 39 41 43 45 47 49 : 691160 49 0.065578 1.05395e+07
049 : 10 0 2 4 5 1 6 12 11 13 9 7 15 3 14 8 : 33 35 37 39 41 43 45 47 49 51 53 55 57 59 : 734390342 59 84.6751 8.67304e+06
050 : 12 5 13 11 2 10 0 9 7 8 4 3 14 6 15 1 : 39 41 43 45 47 49 51 53 : 25301764 53 4.237 5.97162e+06
051 : 10 2 8 4 15 0 1 14 11 13 3 6 9 7 5 12 : 44 46 48 50 52 54 56 : 24612524 56 2.27079 1.08388e+07
052 : 10 8 0 12 3 7 6 2 1 14 4 11 15 13 9 5 : 38 40 42 44 46 48 50 52 54 56 : 113366641 56 12.5657 9.02194e+06
053 : 14 9 12 13 15 4 8 10 0 2 1 7 3 11 5 6 : 50 52 54 56 58 60 62 64 : 407261213 64 47.0324 8.65916e+06
054 : 12 11 0 8 10 2 13 15 5 4 7 3 6 9 14 1 : 40 42 44 46 48 50 52 54 56 : 92445853 56 10.577 8.74029e+06
055 : 13 8 14 3 9 1 0 7 15 5 4 10 12 2 6 11 : 29 31 33 35 37 39 41 : 372928 41 0.036261 1.02845e+07
056 : 3 15 2 5 11 6 4 7 12 9 1 0 13 14 10 8 : 29 31 33 35 37 39 41 43 45 47 49 51 53 55 : 962430961 55 117.695 8.17732e+06
057 : 5 11 6 9 4 13 12 0 8 2 15 10 1 7 3 14 : 36 38 40 42 44 46 48 50 : 2994275 50 0.274721 1.08993e+07
058 : 5 0 15 8 4 6 1 14 10 11 3 9 7 12 2 13 : 37 39 41 43 45 47 49 51 : 6052094 51 0.56688 1.06761e+07
059 : 15 14 6 7 10 1 0 11 12 8 4 9 2 5 13 3 : 35 37 39 41 43 45 47 49 51 53 55 57 : 1440248754 57 174.773 8.24067e+06
060 : 11 14 13 1 2 3 12 4 15 7 9 5 10 6 8 0 : 48 50 52 54 56 58 60 62 64 66 : 1570819514 66 187.516 8.37697e+06
061 : 6 13 3 2 11 9 5 10 1 7 12 14 8 4 0 15 : 31 33 35 37 39 41 43 45 : 3352670 45 0.319113 1.05062e+07
062 : 4 6 12 0 14 2 9 13 11 8 3 15 7 10 1 5 : 43 45 47 49 51 53 55 57 : 11946257 57 1.08692 1.0991e+07
063 : 8 10 9 11 14 1 7 15 13 4 0 12 6 2 5 3 : 40 42 44 46 48 50 52 54 56 : 319520251 56 37.907 8.42906e+06
064 : 5 2 14 0 7 8 6 3 11 12 13 15 4 10 9 1 : 31 33 35 37 39 41 43 45 47 49 51 : 105942198 51 14.4576 7.32779e+06
065 : 7 8 3 2 10 12 4 6 11 13 5 15 0 1 9 14 : 31 33 35 37 39 41 43 45 47 : 4172121 47 0.412452 1.01154e+07
066 : 11 6 14 12 3 5 1 15 8 0 10 13 9 7 4 2 : 41 43 45 47 49 51 53 55 57 59 61 : 662273433 61 78.6365 8.42196e+06
067 : 7 1 2 4 8 3 6 11 10 15 0 5 14 12 13 9 : 28 30 32 34 36 38 40 42 44 46 48 50 : 71213512 50 9.04954 7.8693e+06
068 : 7 3 1 13 12 10 5 2 8 0 6 11 14 15 4 9 : 31 33 35 37 39 41 43 45 47 49 51 : 54627530 51 7.15033 7.63986e+06
069 : 6 0 5 15 1 14 4 9 2 13 8 10 11 12 7 3 : 37 39 41 43 45 47 49 51 53 : 47741264 53 6.5363 7.30402e+06
070 : 15 1 3 12 4 0 6 5 2 8 14 9 13 10 7 11 : 30 32 34 36 38 40 42 44 46 48 50 52 : 116156596 52 13.6873 8.48645e+06
071 : 5 7 0 11 12 1 9 10 15 6 2 3 8 4 13 14 : 30 32 34 36 38 40 42 44 : 5162440 44 0.632696 8.15943e+06
072 : 12 15 11 10 4 5 14 0 13 7 1 2 9 8 3 6 : 38 40 42 44 46 48 50 52 54 56 : 1084631210 56 130.813 8.29147e+06
073 : 6 14 10 5 15 8 7 1 3 4 2 0 12 9 11 13 : 37 39 41 43 45 47 49 : 419508 49 0.041804 1.00351e+07
074 : 14 13 4 11 15 8 6 9 0 7 3 1 2 10 12 5 : 46 48 50 52 54 56 : 4070897 56 0.381202 1.06791e+07
075 : 14 4 0 10 6 5 1 3 9 2 13 15 12 7 8 11 : 30 32 34 36 38 40 42 44 46 48 : 24188268 48 3.934 6.14852e+06
076 : 15 10 8 3 0 6 9 5 1 14 13 11 7 2 12 4 : 41 43 45 47 49 51 53 55 57 : 230523639 57 28.3644 8.12723e+06
077 : 0 13 2 4 12 14 6 9 15 1 10 3 11 5 8 7 : 34 36 38 40 42 44 46 48 50 52 54 : 9755088 54 0.938602 1.03932e+07
078 : 3 14 13 6 4 15 8 9 5 12 10 0 2 7 1 11 : 41 43 45 47 49 51 53 : 4531269 53 0.423056 1.07108e+07
079 : 0 1 9 7 11 13 5 3 14 12 4 2 8 6 10 15 : 28 30 32 34 36 38 40 42 : 248288 42 0.023785 1.04388e+07
080 : 11 0 15 8 13 12 3 5 10 1 4 6 14 9 7 2 : 43 45 47 49 51 53 55 57 : 70392737 57 8.61133 8.17443e+06
081 : 13 0 9 12 11 6 3 5 15 8 1 10 4 14 2 7 : 39 41 43 45 47 49 51 53 : 4598622 53 0.440303 1.04442e+07
082 : 14 10 2 1 13 9 8 11 7 3 6 12 15 5 4 0 : 40 42 44 46 48 50 52 54 56 58 60 62 : 8858066499 62 1128.41 7.85007e+06
083 : 12 3 9 1 4 5 10 2 6 11 15 0 14 7 13 8 : 31 33 35 37 39 41 43 45 47 49 : 16490791 49 1.58661 1.03938e+07
084 : 15 8 10 7 0 12 14 1 5 9 6 3 13 11 4 2 : 37 39 41 43 45 47 49 51 53 55 : 213236348 55 27.9349 7.63334e+06
085 : 4 7 13 10 1 2 9 6 12 8 14 5 3 0 11 15 : 32 34 36 38 40 42 44 : 1166088 44 0.437656 2.66439e+06
086 : 6 0 5 10 11 12 9 2 1 7 4 3 14 8 13 15 : 35 37 39 41 43 45 : 1148873 45 0.414769 2.76991e+06
087 : 9 5 11 10 13 0 2 1 8 6 14 12 4 7 3 15 : 34 36 38 40 42 44 46 48 50 52 : 51675588 52 7.37085 7.0108e+06
088 : 15 2 12 11 14 13 9 5 1 3 8 7 0 10 6 4 : 43 45 47 49 51 53 55 57 59 61 63 65 : 3254042772 65 415.603 7.8297e+06
089 : 11 1 7 4 10 13 3 8 9 14 0 15 6 5 2 12 : 38 40 42 44 46 48 50 52 54 : 68129220 54 10.8188 6.29731e+06
090 : 5 4 7 1 11 12 14 15 10 13 8 6 2 0 9 3 : 36 38 40 42 44 46 48 50 : 2677226 50 0.25345 1.05631e+07
091 : 9 7 5 2 14 15 12 10 11 3 6 1 8 13 0 4 : 41 43 45 47 49 51 53 55 57 : 312191165 57 40.7082 7.66899e+06
092 : 3 2 7 9 0 15 12 4 6 11 5 14 8 13 10 1 : 37 39 41 43 45 47 49 51 53 55 57 : 517552848 57 69.7509 7.42002e+06
093 : 13 9 14 6 12 8 1 2 3 4 0 7 5 10 11 15 : 34 36 38 40 42 44 46 : 4015096 46 0.373922 1.07378e+07
094 : 5 7 11 8 0 14 9 13 10 12 3 15 6 1 4 2 : 45 47 49 51 53 : 659441 53 0.060633 1.08759e+07
095 : 4 3 6 13 7 15 9 0 10 5 8 11 2 12 1 14 : 34 36 38 40 42 44 46 48 50 : 10340411 50 1.3453 7.68632e+06
096 : 1 7 15 14 2 6 4 9 12 11 13 3 0 8 5 10 : 35 37 39 41 43 45 47 49 : 11676551 49 2.61552 4.46433e+06
097 : 9 14 5 7 8 15 1 2 10 4 13 6 12 0 11 3 : 32 34 36 38 40 42 44 : 1938372 44 0.191276 1.01339e+07
098 : 0 11 3 12 5 2 1 9 8 10 14 15 7 4 13 6 : 34 36 38 40 42 44 46 48 50 52 54 : 88270711 54 10.1903 8.66226e+06
099 : 7 15 4 0 10 9 2 5 12 11 13 6 1 3 14 8 : 39 41 43 45 47 49 51 53 55 57 : 71622072 57 11.044 6.48513e+06
100 : 11 4 0 8 6 10 5 13 12 7 14 3 1 2 9 15 : 38 40 42 44 46 48 50 52 54 : 34755464 54 4.40425 7.89135e+06
