                                15-puzzle
                                ==========

Sin eliminación de duplicados
==============================

depth		#nodes 			emp.branching factor
-----------------------------------------------------------------------------
0		     1			        2.00000000
1		     2		        	3.00000000
2		     6		        	3.00000000
3	    	    18		        	3.22222233
4   		    58		        	3.20689654
5	    	   186		        	3.23655915
6	    	   602		        	3.23255825
7	    	  1946	    		        3.23638225
8	    	  6298	    		        3.23563027
9	    	 20378	    		        3.23613691
10	    	 65946	    		        3.23601127
11	    	213402	    		        3.23608017
12	        690586			        3.23606038
13	       2234778			        3.23606992
14	       7231898			        3.23606682
15	      23402906			        3.23606825
16	      75733402			        3.23606801
17	     245078426			        3.23606777
18	     793090458			        2.17941451

Con eliminación de duplicados
==============================

depth		#nodes 			emp.branching factor
-----------------------------------------------------------------------------
0	    	1		        	2.00000000
1		    2		        	2.00000000
2		    4		          	2.50000000
3		    10		           	2.40000010
4		    24		        	2.25000000
5		    54	    	    	        2.00000000
6		    108	        		2.01851845
7		    218		          	2.16513753
8		    472		           	2.18220329
9		    1030	    		2.13980579
10		    2204	    		2.11705995
11		    4666	    		2.11744523
12		    9880	    		2.13016200
13		    21046	    		2.13684320
14		    44972	    		2.13310504
15	    	    95930		    	2.12880230
16	    	    204216		    	2.12859917
17	    	    434694		    	2.13018823
18	    	    925980		    	2.13108063
19	    	    1973338		    	2.13083410
20	    	    4204856		    	2.13028884
21	    	    8957558			2.13014984
22	    	    19080940			2.13033152
23		    40648730			2.13047218
24		    86600984			2.13045883
25		    184499846			2.13039231
26		    393057052			2.13036561
27		    837355258			2.13038278

                                24-puzzle
                                ==========

Sin eliminación de duplicados
==============================

depth		#nodes 			emp.branching factor
-----------------------------------------------------------------------------
0		1			2.00000000
1		2			3.00000000
2		6			3.00000000
3		18			3.33333325
4		60			3.29999995
5		198			3.45454550
6		684			3.39473677
7		2322			3.48837209
8		8100			3.42000008
9		27702			3.49707603
10		96876			3.42642140
11		331938			3.49926782
12		1161540			3.42803359
13		3981798			3.49981689
14		13935564		3.42843676
15		47777202		3.49995422
16		167218020		3.42853785
17		573313302		3.49998856


Con eliminación de duplicados
==============================

depth		#nodes 			emp.branching factor
-----------------------------------------------------------------------------
0		1			2.00000000
1		2			2.00000000
2		4			2.50000000
3		10			2.59999990
4		26			2.46153855
5		64			2.50000000
6		160			2.32500005
7		372			2.38709688
8		888			2.24774766
9		1996			2.44088173
10		4872			2.32430220
11		11324			2.43800783
12		27608			2.30092716
13		63524			2.43309617
14		154560			2.30225158
15		355836			2.43372798
16		866008			2.30222821
17		1993748			2.43466687
18		4854112			2.30340862
19		11181004		2.43418503
20		27216632		2.30250406
21		62666404		2.43424249
22		152545216		2.30284429
23		351287868		2.43426132
24		855126456		2.30275297



                                Cubo de Rubik
                                ==============

Sin eliminación de duplicados
==============================

depth		#nodes 			emp.branching factor
-----------------------------------------------------------------------------
0		1			18.00000000
1		18			18.00000000
2		324			18.00000000
3		5832			18.00000000
4		104976			18.00000000
5		1889568			18.00000000
6		34012224		18.00000000




Con eliminación de duplicados
==============================

depth		#nodes 			emp.branching factor
-----------------------------------------------------------------------------
0		1			18.00000000
1		18			13.50000000
2		243			13.33333302
3		3240			13.35000038
4		43254			13.34831429
5		577368			13.34848499
6		7706988			13.34846783
7		102876480		13.34846878





                                Top Spin 12-4
                                =========

Sin eliminación de duplicados
==============================

depth		#nodes 			emp.branching factor
-----------------------------------------------------------------------------
0		1			12.00000000
1		12			12.00000000
2		144			12.00000000
3		1728			12.00000000
4		20736			12.00000000
5		248832			12.00000000
6		2985984			12.00000000
7		35831808		12.00000000
8		429981696		12.00000000



Con eliminación de duplicados
==============================

depth		#nodes 			emp.branching factor
-----------------------------------------------------------------------------
0		1			12.00000000
1		12			8.50000000
2		102			7.96078444
3		812			7.88423634
4		6402			7.87441444
5		50412			7.87316513
6		396902			7.87300634
7		3124812			7.87298632
8		24601602		7.87298393
9		193688012		7.87298346


                                Top Spin 14-4
                                =========

Sin eliminación de duplicados
==============================

depth		#nodes 			emp.branching factor
-----------------------------------------------------------------------------
0		1			14.00000000
1		14			14.00000000
2		196			14.00000000
3		2744			14.00000000
4		38416			14.00000000
5		537824			14.00000000
6		7529536			14.00000000
7		105413504		14.00000000

Con eliminación de duplicados
==============================

depth		#nodes 			emp.branching factor
-----------------------------------------------------------------------------
0		1			14.00000000
1		14			9.50000000
2		133			8.63157895
3		1148			8.45905923
4		9711			8.43002780
5		81864			8.42617023
6		689800			8.42583937
7		5812144			8.42584922
8		48972249		8.42586131
9		412633378		8.42586459



                                Top Spin 17-4
                                =========

Sin eliminación de duplicados
==============================

depth		#nodes 			emp.branching factor
-----------------------------------------------------------------------------
0		1			17.00000000
1		17			17.00000000
2		289			17.00000000
3		4913			17.00000000
4		83521			17.00000000
5		1419857			17.00000000
6		24137569		17.00000191




Con eliminación de duplicados
==============================

depth		#nodes 			emp.branching factor
-----------------------------------------------------------------------------
0		1			17.00000000
1		17			11.00000000
2		187			9.60962582
3		1797			9.24986076
4		16622			9.17476845
5		152503			9.16710472
6		1398011			9.16948414
7		12819040		9.17120171
8		117566004		9.17181015


                                Torres de Hanoi 4-12
                                ================

Sin eliminación de duplicados
==============================

depth		#nodes 			emp.branching factor
-----------------------------------------------------------------------------
0		1			3.00000000
1		3			5.00000000
2		15			5.00000000
3		75			5.23999977
4		393			5.36641216
5		2109			5.44665718
6		11487			5.51710606
7		63375			5.56615400
8		352755			5.60825777
9		1978341			5.64169502
10		11161197		5.67027521
11		63287061		5.69440603
12		360382215		5.71530199


Con eliminación de duplicados
==============================

depth		#nodes 			emp.branching factor
-----------------------------------------------------------------------------
0		1			3.00000000
1		3			5.00000000
2		15			4.60000000
3		69			4.73913043
4		327			4.87155963
5		1593			4.93596987
6		7863			5.00228920
7		39333			5.04896652
8		198591			5.08843301
9		1010517			5.12017017
10		5174019			5.14703889
11		26630877		5.16966013
12		137672583		5.18914498
13		714402993		5.20600750



                                Torres de Hanoi 4-14
                                ================

Sin eliminación de duplicados
==============================

depth		#nodes 			emp.branching factor
-----------------------------------------------------------------------------
0		1			3.00000000
1		3			5.00000000
2		15			5.00000000
3		75			5.23999977
4		393			5.36641216
5		2109			5.44665718
6		11487			5.51710606
7		63375			5.56615400
8		352755			5.60825777
9		1978341			5.64169502
10		11161197		5.67027521
11		63287061		5.69440603
12		360382215		5.71530199


Con eliminación de duplicados
==============================

depth		#nodes 			emp.branching factor
-----------------------------------------------------------------------------
0		1			3.00000000
1		3			5.00000000
2		15			4.60000000
3		69			4.73913043
4		327			4.87155963
5		1593			4.93596987
6		7863			5.00228920
7		39333			5.04896652
8		198591			5.08843301
9		1010517			5.12017017
10		5174019			5.14703889
11		26630877		5.16966013
12		137672583		5.18914498
13		714402993		5.20600750





                                Torres de Hanoi 4-18
                                ================

Sin eliminación de duplicados
==============================

depth		#nodes 			emp.branching factor
-----------------------------------------------------------------------------
0		1			3.00000000
1		3			5.00000000
2		15			5.00000000
3		75			5.23999977
4		393			5.36641216
5		2109			5.44665718
6		11487			5.51710606
7		63375			5.56615400
8		352755			5.60825777
9		1978341			5.64169502
10		11161197		5.67027521
11		63287061		5.69440603
12		360382215		5.71530199


Con eliminación de duplicados
==============================

depth		#nodes 			emp.branching factor
-----------------------------------------------------------------------------
0		1			3.00000000
1		3			5.00000000
2		15			4.59999990
3		69			4.73913050
4		327			4.87155962
5		1593			4.93596983
6		7863			5.00228930
7		39333			5.04896641
8		198591			5.08843279
9		1010517			5.12017012
10		5174019			5.14703846
11		26630877		5.16966009
12		137672583		5.18914557



